"","UBS","01","02","03","04","05","019","032","037","038","044","f-1","f-13","28","33","157","180","205","565","579","597","700","892","1006","1010","1071","1241","1243","1292","1342","1424","1505","2427","Byz","07","011","013","042","Lect","it-aur","it-c","it-d","it-ff-2","it-k","it-l","it-q","vg","syr-p","syr-h","syr-s","cop-sa","cop-bo","arm","eth","slav"
"UBS",0,0.367,0.467,0.2,0.48,0.667,0.333,0.714,0.483,0.75,0.321,0.517,0.6,0.4,0.565,0.433,0.5,0.467,0.69,0.567,0.433,0.533,0.448,0.4,0.379,0.467,0.433,0.467,0.433,0.517,0.414,0.4,0.276,0.393,0.4,0.393,0.444,0.348,0.393,0.517,0.862,0.679,0.714,0.655,0.586,0.542,0.5,0.5,0.565,0.52,0.286,0.35,0.75,0.444,0.571
"01",0.367,0,0.567,0.367,0.2,0.767,0.185,0.571,0.448,0.786,0.25,0.552,0.633,0.6,0.565,0.633,0.667,0.567,0.724,0.4,0.6,0.667,0.379,0.6,0.586,0.633,0.6,0.633,0.6,0.379,0.552,0.6,0.379,0.571,0.6,0.536,0.667,0.565,0.571,0.621,0.655,0.714,0.679,0.655,0.586,0.583,0.571,0.667,0.696,0.6,0.429,0.4,0.667,0.444,0.643
"02",0.467,0.567,0,0.6,0.4,0.71,0.594,0.667,0.412,0.545,0.531,0.258,0.371,0.286,0.357,0.2,0.171,0.229,0.618,0.486,0.114,0.257,0.529,0.229,0.147,0.257,0.143,0.171,0.114,0.382,0.265,0.143,0.412,0.121,0.171,0.182,0.188,0.217,0.121,0.353,0.706,0.679,0.467,0.724,0.303,0.379,0.323,0.31,0.296,0.56,0.5,0.6,0.655,0.484,0.333
"03",0.2,0.367,0.6,0,0.56,0.667,0.333,0.571,0.517,0.821,0.321,0.586,0.667,0.567,0.696,0.567,0.6,0.6,0.793,0.667,0.6,0.667,0.483,0.6,0.586,0.633,0.6,0.633,0.6,0.517,0.552,0.6,0.138,0.571,0.6,0.571,0.63,0.522,0.571,0.552,0.793,0.714,0.75,0.655,0.621,0.583,0.536,0.625,0.652,0.52,0.286,0.3,0.792,0.593,0.607
"04",0.48,0.2,0.4,0.56,0,0.731,0.296,0.571,0.241,0.69,0.333,0.423,0.467,0.433,0.348,0.433,0.467,0.467,0.621,0.333,0.4,0.5,0.483,0.433,0.4,0.433,0.367,0.4,0.4,0.31,0.448,0.4,0.448,0.379,0.4,0.357,0.444,0.444,0.4,0.552,0.621,0.739,0.52,0.667,0.5,0.5,0.538,0.5,0.478,0.65,0.455,0.45,0.583,0.423,0.414
"05",0.667,0.767,0.71,0.667,0.731,0,0.821,0.586,0.767,0.621,0.821,0.733,0.742,0.677,0.708,0.677,0.774,0.71,0.633,0.774,0.774,0.742,0.767,0.774,0.767,0.774,0.774,0.806,0.774,0.733,0.8,0.774,0.7,0.759,0.774,0.724,0.75,0.696,0.759,0.533,0.467,0.071,0.483,0.483,0.567,0.48,0.552,0.6,0.792,0.68,0.591,0.571,0.56,0.75,0.69
"019",0.333,0.185,0.594,0.333,0.296,0.821,0,0.633,0.323,0.7,0.226,0.429,0.531,0.5,0.48,0.594,0.562,0.438,0.581,0.353,0.5,0.562,0.281,0.5,0.484,0.5,0.469,0.5,0.5,0.375,0.438,0.5,0.344,0.467,0.5,0.433,0.552,0.476,0.533,0.516,0.645,0.8,0.667,0.679,0.6,0.586,0.5,0.577,0.583,0.591,0.462,0.333,0.538,0.433,0.5
"032",0.714,0.571,0.667,0.571,0.571,0.586,0.633,0,0.562,0.484,0.633,0.517,0.455,0.545,0.538,0.606,0.606,0.545,0.5,0.545,0.636,0.545,0.469,0.576,0.625,0.545,0.636,0.636,0.636,0.562,0.594,0.636,0.594,0.613,0.636,0.581,0.633,0.652,0.613,0.625,0.594,0.654,0.607,0.741,0.581,0.552,0.586,0.571,0.538,0.375,0.625,0.458,0.519,0.586,0.548
"037",0.483,0.448,0.412,0.517,0.241,0.767,0.323,0.562,0,0.594,0.419,0.233,0.294,0.294,0.222,0.382,0.294,0.294,0.545,0.353,0.294,0.382,0.333,0.294,0.273,0.265,0.265,0.265,0.294,0.273,0.273,0.294,0.394,0.25,0.324,0.281,0.29,0.273,0.281,0.424,0.697,0.741,0.483,0.75,0.438,0.357,0.467,0.393,0.308,0.625,0.5,0.458,0.5,0.433,0.219
"038",0.75,0.786,0.545,0.821,0.69,0.621,0.7,0.484,0.594,0,0.7,0.448,0.333,0.394,0.481,0.515,0.485,0.394,0.125,0.606,0.515,0.333,0.594,0.455,0.5,0.424,0.545,0.515,0.515,0.531,0.562,0.515,0.656,0.484,0.515,0.419,0.5,0.524,0.516,0.438,0.625,0.577,0.429,0.667,0.419,0.556,0.483,0.519,0.52,0.565,0.76,0.609,0.407,0.621,0.419
"044",0.321,0.25,0.531,0.321,0.333,0.821,0.226,0.633,0.419,0.7,0,0.536,0.625,0.562,0.56,0.5,0.562,0.531,0.645,0.5,0.5,0.562,0.258,0.5,0.484,0.531,0.531,0.5,0.5,0.419,0.516,0.5,0.355,0.467,0.5,0.433,0.586,0.455,0.467,0.677,0.839,0.769,0.815,0.586,0.7,0.654,0.643,0.556,0.625,0.583,0.4,0.417,0.615,0.452,0.533
"f-1",0.517,0.552,0.258,0.586,0.423,0.733,0.429,0.517,0.233,0.448,0.536,0,0.194,0.161,0.208,0.355,0.29,0.032,0.467,0.419,0.226,0.258,0.4,0.258,0.2,0.226,0.226,0.258,0.226,0.333,0.267,0.226,0.433,0.172,0.258,0.172,0.241,0.261,0.241,0.333,0.7,0.667,0.483,0.75,0.367,0.32,0.379,0.385,0.32,0.48,0.522,0.591,0.5,0.5,0.31
"f-13",0.6,0.633,0.371,0.667,0.467,0.742,0.531,0.455,0.294,0.333,0.625,0.194,0,0.229,0.179,0.4,0.343,0.229,0.353,0.429,0.314,0.257,0.412,0.286,0.294,0.2,0.286,0.314,0.314,0.412,0.265,0.314,0.471,0.273,0.343,0.303,0.344,0.435,0.303,0.441,0.647,0.714,0.5,0.793,0.424,0.414,0.452,0.379,0.259,0.56,0.538,0.52,0.483,0.419,0.273
"28",0.4,0.6,0.286,0.567,0.433,0.677,0.5,0.545,0.294,0.394,0.562,0.161,0.229,0,0.286,0.286,0.229,0.114,0.471,0.429,0.171,0.257,0.412,0.2,0.147,0.2,0.2,0.229,0.171,0.324,0.265,0.171,0.471,0.121,0.2,0.121,0.219,0.217,0.182,0.382,0.706,0.714,0.533,0.793,0.364,0.414,0.387,0.379,0.37,0.48,0.538,0.56,0.655,0.484,0.303
"33",0.565,0.565,0.357,0.696,0.348,0.708,0.48,0.538,0.222,0.481,0.56,0.208,0.179,0.286,0,0.357,0.321,0.321,0.444,0.286,0.286,0.321,0.259,0.214,0.259,0.179,0.25,0.214,0.286,0.407,0.222,0.286,0.444,0.231,0.286,0.25,0.32,0.312,0.308,0.407,0.593,0.667,0.478,0.773,0.462,0.364,0.48,0.261,0.095,0.684,0.429,0.524,0.455,0.36,0.192
"157",0.433,0.633,0.2,0.567,0.433,0.677,0.594,0.606,0.382,0.515,0.5,0.355,0.4,0.286,0.357,0,0.143,0.286,0.618,0.457,0.143,0.314,0.441,0.143,0.118,0.229,0.171,0.2,0.143,0.382,0.294,0.114,0.412,0.121,0.086,0.152,0.125,0.217,0.152,0.382,0.618,0.643,0.467,0.724,0.303,0.276,0.323,0.276,0.222,0.56,0.615,0.64,0.69,0.419,0.273
"180",0.5,0.667,0.171,0.6,0.467,0.774,0.562,0.606,0.294,0.485,0.562,0.29,0.343,0.229,0.321,0.143,0,0.229,0.588,0.429,0.057,0.229,0.441,0.143,0.088,0.171,0.086,0.086,0.057,0.324,0.176,0.086,0.441,0.061,0.114,0.121,0.094,0.174,0.061,0.382,0.676,0.75,0.467,0.793,0.303,0.414,0.323,0.31,0.222,0.68,0.615,0.6,0.69,0.419,0.212
"205",0.467,0.567,0.229,0.6,0.467,0.71,0.438,0.545,0.294,0.394,0.531,0.032,0.229,0.114,0.321,0.286,0.229,0,0.471,0.4,0.171,0.2,0.412,0.2,0.147,0.2,0.2,0.229,0.171,0.324,0.265,0.171,0.471,0.121,0.2,0.121,0.219,0.217,0.182,0.324,0.676,0.643,0.467,0.724,0.303,0.379,0.323,0.379,0.37,0.44,0.615,0.6,0.552,0.452,0.303
"565",0.69,0.724,0.618,0.793,0.621,0.633,0.581,0.5,0.545,0.125,0.645,0.467,0.353,0.471,0.444,0.618,0.588,0.471,0,0.559,0.588,0.382,0.545,0.529,0.576,0.441,0.559,0.529,0.588,0.636,0.515,0.588,0.636,0.562,0.588,0.5,0.562,0.522,0.594,0.485,0.667,0.63,0.483,0.714,0.531,0.571,0.5,0.517,0.481,0.5,0.6,0.48,0.276,0.533,0.406
"579",0.567,0.4,0.486,0.667,0.333,0.774,0.353,0.545,0.353,0.606,0.5,0.419,0.429,0.429,0.286,0.457,0.429,0.4,0.559,0,0.4,0.4,0.382,0.314,0.382,0.343,0.371,0.343,0.4,0.471,0.382,0.4,0.529,0.364,0.371,0.364,0.438,0.478,0.424,0.441,0.529,0.714,0.5,0.806,0.424,0.483,0.452,0.379,0.37,0.56,0.464,0.5,0.517,0.303,0.333
"597",0.433,0.6,0.114,0.6,0.4,0.774,0.5,0.636,0.294,0.515,0.5,0.226,0.314,0.171,0.286,0.143,0.057,0.171,0.588,0.4,0,0.2,0.412,0.114,0.029,0.143,0.029,0.057,0,0.324,0.147,0.029,0.441,0,0.057,0.061,0.062,0.13,0.061,0.382,0.676,0.75,0.467,0.793,0.303,0.414,0.323,0.276,0.222,0.64,0.577,0.6,0.69,0.387,0.242
"700",0.533,0.667,0.257,0.667,0.5,0.742,0.562,0.545,0.382,0.333,0.562,0.258,0.257,0.257,0.321,0.314,0.229,0.2,0.382,0.4,0.2,0,0.471,0.171,0.176,0.171,0.229,0.2,0.2,0.412,0.235,0.2,0.5,0.152,0.229,0.152,0.25,0.174,0.212,0.382,0.706,0.714,0.5,0.828,0.303,0.517,0.355,0.345,0.296,0.56,0.577,0.52,0.586,0.387,0.303
"892",0.448,0.379,0.529,0.483,0.483,0.767,0.281,0.469,0.333,0.594,0.258,0.4,0.412,0.412,0.259,0.441,0.441,0.412,0.545,0.382,0.412,0.471,0,0.324,0.394,0.382,0.441,0.353,0.412,0.353,0.353,0.412,0.441,0.375,0.382,0.344,0.484,0.478,0.406,0.515,0.636,0.778,0.69,0.714,0.531,0.483,0.467,0.429,0.385,0.583,0.48,0.333,0.536,0.333,0.406
"1006",0.4,0.6,0.229,0.6,0.433,0.774,0.5,0.576,0.294,0.455,0.5,0.258,0.286,0.2,0.214,0.143,0.143,0.2,0.529,0.314,0.114,0.171,0.324,0,0.059,0.114,0.143,0.114,0.114,0.353,0.147,0.086,0.441,0.061,0.057,0.061,0.125,0.174,0.121,0.353,0.676,0.75,0.533,0.828,0.333,0.345,0.355,0.241,0.148,0.6,0.538,0.52,0.586,0.29,0.212
"1010",0.379,0.586,0.147,0.586,0.4,0.767,0.484,0.625,0.273,0.5,0.484,0.2,0.294,0.147,0.259,0.118,0.088,0.147,0.576,0.382,0.029,0.176,0.394,0.059,0,0.118,0.059,0.088,0.029,0.303,0.152,0,0.424,0,0.029,0.031,0.032,0.091,0.091,0.364,0.667,0.741,0.483,0.786,0.312,0.357,0.333,0.25,0.222,0.625,0.56,0.583,0.679,0.367,0.219
"1071",0.467,0.633,0.257,0.633,0.433,0.774,0.5,0.545,0.265,0.424,0.531,0.226,0.2,0.2,0.179,0.229,0.171,0.2,0.441,0.343,0.143,0.171,0.382,0.114,0.118,0,0.114,0.143,0.143,0.382,0.118,0.143,0.441,0.091,0.171,0.091,0.156,0.13,0.152,0.353,0.676,0.75,0.433,0.828,0.394,0.379,0.387,0.207,0.111,0.56,0.538,0.52,0.552,0.29,0.121
"1241",0.433,0.6,0.143,0.6,0.367,0.774,0.469,0.636,0.265,0.545,0.531,0.226,0.286,0.2,0.25,0.171,0.086,0.2,0.559,0.371,0.029,0.229,0.441,0.143,0.059,0.114,0,0.086,0.029,0.353,0.118,0.057,0.412,0.03,0.086,0.091,0.062,0.13,0.091,0.353,0.647,0.75,0.433,0.793,0.333,0.379,0.323,0.241,0.185,0.64,0.538,0.56,0.655,0.355,0.212
"1243",0.467,0.633,0.171,0.633,0.4,0.806,0.5,0.636,0.265,0.515,0.5,0.258,0.314,0.229,0.214,0.2,0.086,0.229,0.529,0.343,0.057,0.2,0.353,0.114,0.088,0.143,0.086,0,0.057,0.382,0.147,0.086,0.5,0.061,0.114,0.121,0.125,0.174,0.091,0.441,0.735,0.786,0.5,0.828,0.364,0.483,0.387,0.345,0.185,0.68,0.538,0.52,0.621,0.355,0.182
"1292",0.433,0.6,0.114,0.6,0.4,0.774,0.5,0.636,0.294,0.515,0.5,0.226,0.314,0.171,0.286,0.143,0.057,0.171,0.588,0.4,0,0.2,0.412,0.114,0.029,0.143,0.029,0.057,0,0.324,0.147,0.029,0.441,0,0.057,0.061,0.062,0.13,0.061,0.382,0.676,0.75,0.467,0.793,0.303,0.414,0.323,0.276,0.222,0.64,0.577,0.6,0.69,0.387,0.242
"1342",0.517,0.379,0.382,0.517,0.31,0.733,0.375,0.562,0.273,0.531,0.419,0.333,0.412,0.324,0.407,0.382,0.324,0.324,0.636,0.471,0.324,0.412,0.353,0.353,0.303,0.382,0.353,0.382,0.324,0,0.382,0.324,0.382,0.281,0.353,0.281,0.355,0.348,0.344,0.364,0.606,0.704,0.552,0.643,0.375,0.414,0.367,0.429,0.5,0.667,0.68,0.583,0.643,0.467,0.344
"1424",0.414,0.552,0.265,0.552,0.448,0.8,0.438,0.594,0.273,0.562,0.516,0.267,0.265,0.265,0.222,0.294,0.176,0.265,0.515,0.382,0.147,0.235,0.353,0.147,0.152,0.118,0.118,0.147,0.147,0.382,0,0.176,0.382,0.125,0.206,0.156,0.194,0.174,0.156,0.394,0.636,0.815,0.552,0.857,0.438,0.379,0.367,0.286,0.115,0.708,0.44,0.417,0.536,0.267,0.219
"1505",0.4,0.6,0.143,0.6,0.4,0.774,0.5,0.636,0.294,0.515,0.5,0.226,0.314,0.171,0.286,0.114,0.086,0.171,0.588,0.4,0.029,0.2,0.412,0.086,0,0.143,0.057,0.086,0.029,0.324,0.176,0,0.441,0,0.029,0.061,0.031,0.13,0.091,0.382,0.676,0.75,0.467,0.793,0.303,0.379,0.323,0.276,0.222,0.64,0.577,0.6,0.69,0.387,0.242
"2427",0.276,0.379,0.412,0.138,0.448,0.7,0.344,0.594,0.394,0.656,0.355,0.433,0.471,0.471,0.444,0.412,0.441,0.471,0.636,0.529,0.441,0.5,0.441,0.441,0.424,0.441,0.412,0.5,0.441,0.382,0.382,0.441,0,0.406,0.441,0.406,0.452,0.391,0.406,0.394,0.636,0.704,0.621,0.607,0.5,0.379,0.4,0.393,0.423,0.583,0.4,0.417,0.679,0.5,0.469
"Byz",0.393,0.571,0.121,0.571,0.379,0.759,0.467,0.613,0.25,0.484,0.467,0.172,0.273,0.121,0.231,0.121,0.061,0.121,0.562,0.364,0,0.152,0.375,0.061,0,0.091,0.03,0.061,0,0.281,0.125,0,0.406,0,0.03,0,0.033,0.048,0.062,0.344,0.656,0.731,0.464,0.778,0.29,0.37,0.31,0.222,0.222,0.609,0.542,0.565,0.679,0.345,0.194
"07",0.4,0.6,0.171,0.6,0.4,0.774,0.5,0.636,0.324,0.515,0.5,0.258,0.343,0.2,0.286,0.086,0.114,0.2,0.588,0.371,0.057,0.229,0.382,0.057,0.029,0.171,0.086,0.114,0.057,0.353,0.206,0.029,0.441,0.03,0,0.061,0.062,0.174,0.121,0.353,0.647,0.75,0.467,0.793,0.273,0.345,0.29,0.241,0.185,0.6,0.577,0.6,0.655,0.355,0.273
"011",0.393,0.536,0.182,0.571,0.357,0.724,0.433,0.581,0.281,0.419,0.433,0.172,0.303,0.121,0.25,0.152,0.121,0.121,0.5,0.364,0.061,0.152,0.344,0.061,0.031,0.091,0.091,0.121,0.061,0.281,0.156,0.061,0.406,0,0.061,0,0.1,0.048,0.097,0.312,0.656,0.692,0.464,0.778,0.29,0.37,0.31,0.222,0.2,0.565,0.56,0.542,0.63,0.31,0.226
"013",0.444,0.667,0.188,0.63,0.444,0.75,0.552,0.633,0.29,0.5,0.586,0.241,0.344,0.219,0.32,0.125,0.094,0.219,0.562,0.438,0.062,0.25,0.484,0.125,0.032,0.156,0.062,0.125,0.062,0.355,0.194,0.031,0.452,0.033,0.062,0.1,0,0.136,0.133,0.355,0.645,0.72,0.429,0.769,0.333,0.346,0.321,0.286,0.231,0.652,0.625,0.6,0.679,0.429,0.233
"042",0.348,0.565,0.217,0.522,0.444,0.696,0.476,0.652,0.273,0.524,0.455,0.261,0.435,0.217,0.312,0.217,0.174,0.217,0.522,0.478,0.13,0.174,0.478,0.174,0.091,0.13,0.13,0.174,0.13,0.348,0.174,0.13,0.391,0.048,0.174,0.048,0.136,0,0.143,0.318,0.818,0.667,0.5,0.773,0.364,0.4,0.333,0.25,0.263,0.55,0.4,0.5,0.579,0.4,0.238
"Lect",0.393,0.571,0.121,0.571,0.4,0.759,0.533,0.613,0.281,0.516,0.467,0.241,0.303,0.182,0.308,0.152,0.061,0.182,0.594,0.424,0.061,0.212,0.406,0.121,0.091,0.152,0.091,0.091,0.061,0.344,0.156,0.091,0.406,0.062,0.121,0.097,0.133,0.143,0,0.438,0.75,0.731,0.571,0.778,0.387,0.407,0.414,0.333,0.269,0.609,0.542,0.565,0.704,0.414,0.258
"it-aur",0.517,0.621,0.353,0.552,0.552,0.533,0.516,0.625,0.424,0.438,0.677,0.333,0.441,0.382,0.407,0.382,0.382,0.324,0.485,0.441,0.382,0.382,0.515,0.353,0.364,0.353,0.353,0.441,0.382,0.364,0.394,0.382,0.394,0.344,0.353,0.312,0.355,0.318,0.438,0,0.441,0.5,0.2,0.586,0.152,0.241,0.097,0.276,0.37,0.48,0.5,0.56,0.448,0.419,0.333
"it-c",0.862,0.655,0.706,0.793,0.621,0.467,0.645,0.594,0.697,0.625,0.839,0.7,0.647,0.706,0.593,0.618,0.676,0.676,0.667,0.529,0.676,0.706,0.636,0.676,0.667,0.676,0.647,0.735,0.676,0.606,0.636,0.676,0.636,0.656,0.647,0.656,0.645,0.818,0.75,0.441,0,0.5,0.367,0.517,0.455,0.448,0.452,0.586,0.593,0.72,0.731,0.6,0.621,0.581,0.636
"it-d",0.679,0.714,0.679,0.714,0.739,0.071,0.8,0.654,0.741,0.577,0.769,0.667,0.714,0.714,0.667,0.643,0.75,0.643,0.63,0.714,0.75,0.714,0.778,0.75,0.741,0.75,0.75,0.786,0.75,0.704,0.815,0.75,0.704,0.731,0.75,0.692,0.72,0.667,0.731,0.5,0.5,0,0.444,0.464,0.536,0.478,0.556,0.609,0.818,0.708,0.65,0.684,0.542,0.731,0.667
"it-ff-2",0.714,0.679,0.467,0.75,0.52,0.483,0.667,0.607,0.483,0.429,0.815,0.483,0.5,0.533,0.478,0.467,0.467,0.467,0.483,0.5,0.467,0.5,0.69,0.533,0.483,0.433,0.433,0.5,0.467,0.552,0.552,0.467,0.621,0.464,0.467,0.464,0.429,0.5,0.571,0.2,0.367,0.444,0,0.536,0.2,0.36,0.214,0.423,0.44,0.6,0.609,0.636,0.462,0.5,0.379
"it-k",0.655,0.655,0.724,0.655,0.667,0.483,0.679,0.741,0.75,0.667,0.586,0.75,0.793,0.793,0.773,0.724,0.793,0.724,0.714,0.806,0.793,0.828,0.714,0.828,0.786,0.828,0.793,0.828,0.793,0.643,0.857,0.793,0.607,0.778,0.793,0.778,0.769,0.773,0.778,0.586,0.517,0.464,0.536,0,0.621,0.667,0.571,0.75,0.826,0.64,0.783,0.762,0.708,0.759,0.714
"it-l",0.586,0.586,0.303,0.621,0.5,0.567,0.6,0.581,0.438,0.419,0.7,0.367,0.424,0.364,0.462,0.303,0.303,0.303,0.531,0.424,0.303,0.303,0.531,0.333,0.312,0.394,0.333,0.364,0.303,0.375,0.438,0.303,0.5,0.29,0.273,0.29,0.333,0.364,0.387,0.152,0.455,0.536,0.2,0.621,0,0.286,0.065,0.357,0.385,0.52,0.56,0.625,0.571,0.4,0.375
"it-q",0.542,0.583,0.379,0.583,0.5,0.48,0.586,0.552,0.357,0.556,0.654,0.32,0.414,0.414,0.364,0.276,0.414,0.379,0.571,0.483,0.414,0.517,0.483,0.345,0.357,0.379,0.379,0.483,0.414,0.414,0.379,0.379,0.379,0.37,0.345,0.37,0.346,0.4,0.407,0.241,0.448,0.478,0.36,0.667,0.286,0,0.269,0.24,0.261,0.524,0.5,0.636,0.458,0.423,0.321
"vg",0.5,0.571,0.323,0.536,0.538,0.552,0.5,0.586,0.467,0.483,0.643,0.379,0.452,0.387,0.48,0.323,0.323,0.323,0.5,0.452,0.323,0.355,0.467,0.355,0.333,0.387,0.323,0.387,0.323,0.367,0.367,0.323,0.4,0.31,0.29,0.31,0.321,0.333,0.414,0.097,0.452,0.556,0.214,0.571,0.065,0.269,0,0.296,0.36,0.48,0.5,0.565,0.5,0.379,0.367
"syr-p",0.5,0.667,0.31,0.625,0.5,0.6,0.577,0.571,0.393,0.519,0.556,0.385,0.379,0.379,0.261,0.276,0.31,0.379,0.517,0.379,0.276,0.345,0.429,0.241,0.25,0.207,0.241,0.345,0.276,0.429,0.286,0.276,0.393,0.222,0.241,0.222,0.286,0.25,0.333,0.276,0.586,0.609,0.423,0.75,0.357,0.24,0.296,0,0.154,0.5,0.478,0.625,0.423,0.357,0.25
"syr-h",0.565,0.696,0.296,0.652,0.478,0.792,0.583,0.538,0.308,0.52,0.625,0.32,0.259,0.37,0.095,0.222,0.222,0.37,0.481,0.37,0.222,0.296,0.385,0.148,0.222,0.111,0.185,0.185,0.222,0.5,0.115,0.222,0.423,0.222,0.185,0.2,0.231,0.263,0.269,0.37,0.593,0.818,0.44,0.826,0.385,0.261,0.36,0.154,0,0.591,0.476,0.524,0.4,0.308,0.154
"syr-s",0.52,0.6,0.56,0.52,0.65,0.68,0.591,0.375,0.625,0.565,0.583,0.48,0.56,0.48,0.684,0.56,0.68,0.44,0.5,0.56,0.64,0.56,0.583,0.6,0.625,0.56,0.64,0.68,0.64,0.667,0.708,0.64,0.583,0.609,0.6,0.565,0.652,0.55,0.609,0.48,0.72,0.708,0.6,0.64,0.52,0.524,0.48,0.5,0.591,0,0.579,0.632,0.476,0.68,0.583
"cop-sa",0.286,0.429,0.5,0.286,0.455,0.591,0.462,0.625,0.5,0.76,0.4,0.522,0.538,0.538,0.429,0.615,0.615,0.615,0.6,0.464,0.577,0.577,0.48,0.538,0.56,0.538,0.538,0.538,0.577,0.68,0.44,0.577,0.4,0.542,0.577,0.56,0.625,0.4,0.542,0.5,0.731,0.65,0.609,0.783,0.56,0.5,0.5,0.478,0.476,0.579,0,0.19,0.522,0.423,0.52
"cop-bo",0.35,0.4,0.6,0.3,0.45,0.571,0.333,0.458,0.458,0.609,0.417,0.591,0.52,0.56,0.524,0.64,0.6,0.6,0.48,0.5,0.6,0.52,0.333,0.52,0.583,0.52,0.56,0.52,0.6,0.583,0.417,0.6,0.417,0.565,0.6,0.542,0.6,0.5,0.565,0.56,0.6,0.684,0.636,0.762,0.625,0.636,0.565,0.625,0.524,0.632,0.19,0,0.5,0.4,0.5
"arm",0.75,0.667,0.655,0.792,0.583,0.56,0.538,0.519,0.5,0.407,0.615,0.5,0.483,0.655,0.455,0.69,0.69,0.552,0.276,0.517,0.69,0.586,0.536,0.586,0.679,0.552,0.655,0.621,0.69,0.643,0.536,0.69,0.679,0.679,0.655,0.63,0.679,0.579,0.704,0.448,0.621,0.542,0.462,0.708,0.571,0.458,0.5,0.423,0.4,0.476,0.522,0.5,0,0.5,0.464
"eth",0.444,0.444,0.484,0.593,0.423,0.75,0.433,0.586,0.433,0.621,0.452,0.5,0.419,0.484,0.36,0.419,0.419,0.452,0.533,0.303,0.387,0.387,0.333,0.29,0.367,0.29,0.355,0.355,0.387,0.467,0.267,0.387,0.5,0.345,0.355,0.31,0.429,0.4,0.414,0.419,0.581,0.731,0.5,0.759,0.4,0.423,0.379,0.357,0.308,0.68,0.423,0.4,0.5,0,0.333
"slav",0.571,0.643,0.333,0.607,0.414,0.69,0.5,0.548,0.219,0.419,0.533,0.31,0.273,0.303,0.192,0.273,0.212,0.303,0.406,0.333,0.242,0.303,0.406,0.212,0.219,0.121,0.212,0.182,0.242,0.344,0.219,0.242,0.469,0.194,0.273,0.226,0.233,0.238,0.258,0.333,0.636,0.667,0.379,0.714,0.375,0.321,0.367,0.25,0.154,0.583,0.52,0.5,0.464,0.333,0
