"","UBS","01","02","03","05","019","032","037","038","f-1","f-13","28","33","157","180","205","565","579","597","700","892","1006","1010","1071","1241","1243","1292","1342","1424","1505","2427","Byz","07","09","011","013","042","Lect","it-a","it-aur","it-b","it-c","it-d","it-f","it-ff-2","it-i","it-l","it-q","it-r-1","vg","syr-p","syr-h","syr-s","cop-sa","cop-bo","arm","eth","geo","slav"
"UBS",0,0.424,0.571,0.286,0.543,0.371,0.571,0.457,0.457,0.714,0.629,0.629,0.576,0.6,0.571,0.686,0.529,0.6,0.588,0.571,0.457,0.571,0.6,0.571,0.571,0.571,0.531,0.429,0.6,0.559,0.258,0.588,0.571,0.6,0.6,0.571,0.606,0.567,0.594,0.606,0.606,0.515,0.559,0.613,0.5,0.576,0.529,0.647,0.577,0.485,0.533,0.581,0.667,0.48,0.414,0.645,0.516,0.652,0.562
"01",0.424,0,0.606,0.182,0.727,0.242,0.727,0.303,0.667,0.727,0.697,0.697,0.548,0.636,0.606,0.727,0.719,0.545,0.656,0.667,0.333,0.606,0.636,0.606,0.576,0.606,0.6,0.303,0.606,0.594,0.276,0.625,0.606,0.606,0.636,0.606,0.71,0.586,0.767,0.548,0.71,0.677,0.719,0.586,0.719,0.742,0.438,0.656,0.68,0.419,0.552,0.6,0.731,0.25,0.214,0.724,0.483,0.667,0.6
"02",0.571,0.606,0,0.629,0.714,0.571,0.543,0.629,0.571,0.486,0.229,0.543,0.303,0.057,0.057,0.457,0.559,0.257,0.088,0.457,0.343,0.029,0.057,0.114,0.171,0,0.062,0.343,0.229,0.029,0.581,0.029,0.029,0.029,0.057,0.029,0.121,0.033,0.531,0.364,0.697,0.455,0.676,0.323,0.618,0.636,0.324,0.441,0.538,0.273,0.2,0.065,0.63,0.52,0.517,0.516,0.258,0.478,0.094
"03",0.286,0.182,0.629,0,0.714,0.257,0.743,0.314,0.686,0.8,0.743,0.743,0.515,0.657,0.629,0.8,0.735,0.543,0.647,0.714,0.343,0.629,0.657,0.629,0.571,0.629,0.594,0.314,0.6,0.618,0.097,0.647,0.629,0.629,0.657,0.629,0.697,0.633,0.75,0.667,0.788,0.667,0.706,0.645,0.706,0.788,0.588,0.735,0.769,0.545,0.567,0.645,0.815,0.36,0.241,0.742,0.548,0.652,0.594
"05",0.543,0.727,0.714,0.714,0,0.714,0.629,0.743,0.429,0.629,0.714,0.6,0.667,0.714,0.686,0.657,0.382,0.714,0.676,0.429,0.686,0.714,0.714,0.743,0.743,0.714,0.688,0.686,0.714,0.706,0.774,0.706,0.714,0.743,0.743,0.714,0.727,0.7,0.375,0.545,0.242,0.455,0.235,0.613,0.265,0.273,0.588,0.412,0.231,0.606,0.633,0.677,0.63,0.72,0.724,0.516,0.645,0.696,0.688
"019",0.371,0.242,0.571,0.257,0.714,0,0.771,0.171,0.543,0.714,0.686,0.629,0.485,0.6,0.571,0.714,0.618,0.429,0.618,0.629,0.314,0.571,0.6,0.543,0.514,0.571,0.562,0.343,0.514,0.559,0.355,0.588,0.571,0.543,0.6,0.571,0.667,0.533,0.719,0.697,0.788,0.697,0.706,0.677,0.706,0.727,0.618,0.735,0.731,0.576,0.633,0.645,0.667,0.48,0.241,0.677,0.484,0.652,0.562
"032",0.571,0.727,0.543,0.743,0.629,0.771,0,0.8,0.543,0.486,0.514,0.571,0.758,0.6,0.6,0.486,0.559,0.714,0.618,0.686,0.686,0.571,0.6,0.571,0.571,0.543,0.562,0.743,0.571,0.559,0.677,0.588,0.571,0.571,0.543,0.571,0.606,0.567,0.594,0.606,0.576,0.606,0.647,0.548,0.618,0.636,0.559,0.588,0.577,0.576,0.533,0.548,0.556,0.6,0.69,0.548,0.645,0.565,0.531
"037",0.457,0.303,0.629,0.314,0.743,0.171,0.8,0,0.657,0.771,0.743,0.686,0.485,0.657,0.629,0.771,0.706,0.514,0.676,0.714,0.4,0.629,0.657,0.6,0.514,0.629,0.625,0.371,0.571,0.618,0.355,0.647,0.629,0.6,0.657,0.629,0.727,0.6,0.75,0.727,0.818,0.758,0.735,0.71,0.765,0.788,0.647,0.824,0.808,0.606,0.633,0.645,0.704,0.48,0.31,0.774,0.516,0.739,0.625
"038",0.457,0.667,0.571,0.686,0.429,0.543,0.543,0.657,0,0.514,0.457,0.429,0.606,0.6,0.543,0.514,0.206,0.571,0.559,0.314,0.514,0.571,0.6,0.543,0.543,0.571,0.531,0.6,0.457,0.559,0.677,0.588,0.571,0.6,0.543,0.571,0.606,0.533,0.438,0.576,0.424,0.485,0.382,0.613,0.382,0.333,0.559,0.471,0.346,0.515,0.567,0.581,0.519,0.56,0.586,0.387,0.452,0.609,0.5
"f-1",0.714,0.727,0.486,0.8,0.629,0.714,0.486,0.771,0.514,0,0.486,0.343,0.667,0.543,0.543,0.057,0.441,0.629,0.559,0.571,0.629,0.514,0.543,0.514,0.514,0.486,0.531,0.629,0.514,0.5,0.839,0.529,0.514,0.514,0.486,0.514,0.606,0.433,0.562,0.576,0.576,0.545,0.676,0.613,0.588,0.545,0.588,0.529,0.577,0.545,0.5,0.581,0.407,0.56,0.621,0.452,0.548,0.348,0.438
"f-13",0.629,0.697,0.229,0.743,0.714,0.686,0.514,0.743,0.457,0.486,0,0.486,0.424,0.286,0.286,0.457,0.412,0.343,0.324,0.429,0.543,0.257,0.286,0.314,0.371,0.229,0.281,0.543,0.4,0.265,0.71,0.265,0.257,0.257,0.229,0.257,0.273,0.3,0.531,0.424,0.667,0.515,0.647,0.516,0.618,0.545,0.441,0.559,0.538,0.394,0.433,0.29,0.593,0.56,0.655,0.419,0.387,0.522,0.312
"28",0.629,0.697,0.543,0.743,0.6,0.629,0.571,0.686,0.429,0.343,0.486,0,0.758,0.6,0.6,0.371,0.382,0.686,0.618,0.571,0.629,0.571,0.6,0.543,0.6,0.543,0.562,0.571,0.543,0.559,0.774,0.588,0.571,0.571,0.543,0.571,0.606,0.467,0.531,0.667,0.545,0.576,0.588,0.71,0.471,0.424,0.588,0.588,0.538,0.545,0.633,0.645,0.519,0.64,0.655,0.484,0.645,0.478,0.469
"33",0.576,0.548,0.303,0.515,0.667,0.485,0.758,0.485,0.606,0.667,0.424,0.758,0,0.242,0.273,0.636,0.562,0.152,0.25,0.364,0.333,0.273,0.242,0.333,0.242,0.303,0.267,0.394,0.364,0.273,0.483,0.25,0.273,0.333,0.303,0.273,0.258,0.241,0.5,0.452,0.677,0.516,0.562,0.414,0.625,0.645,0.438,0.5,0.458,0.387,0.393,0.276,0.692,0.542,0.37,0.621,0.333,0.667,0.3
"157",0.6,0.636,0.057,0.657,0.714,0.6,0.6,0.657,0.6,0.543,0.286,0.6,0.242,0,0.057,0.514,0.618,0.257,0.029,0.4,0.371,0.029,0,0.143,0.2,0.057,0.062,0.371,0.257,0.029,0.613,0,0.029,0.086,0.057,0.029,0.091,0.067,0.531,0.364,0.697,0.455,0.647,0.323,0.618,0.667,0.324,0.412,0.538,0.273,0.233,0.097,0.667,0.52,0.552,0.548,0.29,0.522,0.156
"180",0.571,0.606,0.057,0.629,0.686,0.571,0.6,0.629,0.543,0.543,0.286,0.6,0.273,0.057,0,0.514,0.618,0.229,0.029,0.4,0.343,0.029,0.057,0.143,0.2,0.057,0.031,0.343,0.257,0.029,0.581,0.029,0.029,0.086,0.057,0.029,0.152,0.1,0.594,0.424,0.697,0.515,0.647,0.355,0.618,0.636,0.382,0.412,0.5,0.333,0.2,0.065,0.667,0.48,0.517,0.516,0.258,0.522,0.156
"205",0.686,0.727,0.457,0.8,0.657,0.714,0.486,0.771,0.514,0.057,0.457,0.371,0.636,0.514,0.514,0,0.471,0.6,0.529,0.6,0.629,0.486,0.514,0.486,0.486,0.457,0.5,0.629,0.486,0.471,0.806,0.5,0.486,0.486,0.457,0.486,0.576,0.4,0.562,0.545,0.606,0.485,0.647,0.613,0.559,0.515,0.559,0.5,0.538,0.515,0.5,0.548,0.37,0.56,0.621,0.452,0.548,0.348,0.406
"565",0.529,0.719,0.559,0.735,0.382,0.618,0.559,0.706,0.206,0.441,0.412,0.382,0.562,0.618,0.618,0.471,0,0.559,0.636,0.265,0.559,0.588,0.618,0.588,0.588,0.559,0.581,0.676,0.5,0.576,0.8,0.606,0.588,0.588,0.559,0.588,0.562,0.517,0.387,0.5,0.344,0.406,0.394,0.581,0.394,0.312,0.545,0.545,0.36,0.5,0.586,0.633,0.462,0.64,0.643,0.387,0.433,0.591,0.469
"579",0.6,0.545,0.257,0.543,0.714,0.429,0.714,0.514,0.571,0.629,0.343,0.686,0.152,0.257,0.229,0.6,0.559,0,0.265,0.4,0.286,0.229,0.257,0.286,0.229,0.257,0.188,0.4,0.229,0.235,0.516,0.235,0.229,0.286,0.257,0.229,0.303,0.233,0.562,0.485,0.727,0.576,0.618,0.484,0.676,0.667,0.471,0.5,0.538,0.424,0.4,0.29,0.667,0.52,0.379,0.548,0.29,0.565,0.25
"597",0.588,0.656,0.088,0.647,0.676,0.618,0.618,0.676,0.559,0.559,0.324,0.618,0.25,0.029,0.029,0.529,0.636,0.265,0,0.382,0.382,0.059,0.029,0.176,0.235,0.088,0.065,0.382,0.294,0.061,0.6,0.03,0.059,0.118,0.088,0.059,0.125,0.103,0.548,0.406,0.656,0.469,0.606,0.3,0.576,0.625,0.364,0.364,0.48,0.312,0.172,0.067,0.654,0.542,0.571,0.516,0.3,0.522,0.194
"700",0.571,0.667,0.457,0.714,0.429,0.629,0.686,0.714,0.314,0.571,0.429,0.571,0.364,0.4,0.4,0.6,0.265,0.4,0.382,0,0.429,0.429,0.4,0.486,0.514,0.457,0.375,0.514,0.429,0.441,0.71,0.412,0.429,0.486,0.457,0.429,0.394,0.4,0.469,0.394,0.394,0.424,0.412,0.516,0.412,0.424,0.382,0.412,0.385,0.333,0.467,0.419,0.556,0.56,0.552,0.387,0.29,0.609,0.406
"892",0.457,0.333,0.343,0.343,0.686,0.314,0.686,0.4,0.514,0.629,0.543,0.629,0.333,0.371,0.343,0.629,0.559,0.286,0.382,0.429,0,0.343,0.371,0.343,0.314,0.343,0.281,0.2,0.257,0.353,0.355,0.353,0.343,0.371,0.371,0.343,0.394,0.333,0.625,0.455,0.697,0.515,0.618,0.452,0.588,0.606,0.353,0.559,0.577,0.303,0.367,0.387,0.63,0.4,0.241,0.613,0.258,0.565,0.25
"1006",0.571,0.606,0.029,0.629,0.714,0.571,0.571,0.629,0.571,0.514,0.257,0.571,0.273,0.029,0.029,0.486,0.588,0.229,0.059,0.429,0.343,0,0.029,0.114,0.171,0.029,0.031,0.343,0.229,0,0.581,0,0,0.057,0.029,0,0.121,0.067,0.562,0.394,0.727,0.485,0.676,0.355,0.647,0.667,0.353,0.441,0.538,0.303,0.233,0.097,0.667,0.48,0.517,0.548,0.258,0.522,0.125
"1010",0.6,0.636,0.057,0.657,0.714,0.6,0.6,0.657,0.6,0.543,0.286,0.6,0.242,0,0.057,0.514,0.618,0.257,0.029,0.4,0.371,0.029,0,0.143,0.2,0.057,0.062,0.371,0.257,0.029,0.613,0,0.029,0.086,0.057,0.029,0.091,0.067,0.531,0.364,0.697,0.455,0.647,0.323,0.618,0.667,0.324,0.412,0.538,0.273,0.233,0.097,0.667,0.52,0.552,0.548,0.29,0.522,0.156
"1071",0.571,0.606,0.114,0.629,0.743,0.543,0.571,0.6,0.543,0.514,0.314,0.543,0.333,0.143,0.143,0.486,0.588,0.286,0.176,0.486,0.343,0.114,0.143,0,0.114,0.114,0.125,0.371,0.171,0.118,0.581,0.118,0.114,0.143,0.143,0.114,0.152,0.067,0.594,0.424,0.758,0.515,0.706,0.355,0.676,0.697,0.412,0.5,0.577,0.364,0.333,0.194,0.667,0.56,0.517,0.581,0.258,0.478,0.125
"1241",0.571,0.576,0.171,0.571,0.743,0.514,0.571,0.514,0.543,0.514,0.371,0.6,0.242,0.2,0.2,0.486,0.588,0.229,0.235,0.514,0.314,0.171,0.2,0.114,0,0.171,0.188,0.371,0.114,0.176,0.516,0.176,0.171,0.2,0.2,0.171,0.212,0.133,0.625,0.455,0.788,0.545,0.676,0.387,0.706,0.727,0.441,0.559,0.577,0.394,0.333,0.226,0.667,0.56,0.483,0.548,0.323,0.565,0.125
"1243",0.571,0.606,0,0.629,0.714,0.571,0.543,0.629,0.571,0.486,0.229,0.543,0.303,0.057,0.057,0.457,0.559,0.257,0.088,0.457,0.343,0.029,0.057,0.114,0.171,0,0.062,0.343,0.229,0.029,0.581,0.029,0.029,0.029,0.057,0.029,0.121,0.033,0.531,0.364,0.697,0.455,0.676,0.323,0.618,0.636,0.324,0.441,0.538,0.273,0.2,0.065,0.63,0.52,0.517,0.516,0.258,0.478,0.094
"1292",0.531,0.6,0.062,0.594,0.688,0.562,0.562,0.625,0.531,0.531,0.281,0.562,0.267,0.062,0.031,0.5,0.581,0.188,0.065,0.375,0.281,0.031,0.062,0.125,0.188,0.062,0,0.344,0.188,0.032,0.536,0.032,0.031,0.094,0.062,0.031,0.133,0.074,0.581,0.387,0.71,0.484,0.656,0.31,0.625,0.645,0.344,0.406,0.52,0.29,0.25,0.103,0.654,0.435,0.481,0.5,0.207,0.524,0.133
"1342",0.429,0.303,0.343,0.314,0.686,0.343,0.743,0.371,0.6,0.629,0.543,0.571,0.394,0.371,0.343,0.629,0.676,0.4,0.382,0.514,0.2,0.343,0.371,0.371,0.371,0.343,0.344,0,0.4,0.353,0.355,0.353,0.343,0.371,0.371,0.343,0.424,0.367,0.688,0.485,0.727,0.545,0.706,0.548,0.618,0.636,0.382,0.588,0.615,0.333,0.367,0.387,0.667,0.4,0.241,0.71,0.323,0.565,0.344
"1424",0.6,0.606,0.229,0.6,0.714,0.514,0.571,0.571,0.457,0.514,0.4,0.543,0.364,0.257,0.257,0.486,0.5,0.229,0.294,0.429,0.257,0.229,0.257,0.171,0.114,0.229,0.188,0.4,0,0.235,0.548,0.235,0.229,0.257,0.257,0.229,0.242,0.2,0.625,0.394,0.727,0.485,0.618,0.387,0.647,0.667,0.382,0.5,0.577,0.333,0.367,0.29,0.667,0.52,0.448,0.484,0.258,0.522,0.094
"1505",0.559,0.594,0.029,0.618,0.706,0.559,0.559,0.618,0.559,0.5,0.265,0.559,0.273,0.029,0.029,0.471,0.576,0.235,0.061,0.441,0.353,0,0.029,0.118,0.176,0.029,0.032,0.353,0.235,0,0.567,0,0,0.059,0.029,0,0.125,0.067,0.548,0.406,0.719,0.469,0.667,0.367,0.636,0.656,0.364,0.424,0.52,0.312,0.241,0.1,0.654,0.458,0.5,0.533,0.267,0.5,0.129
"2427",0.258,0.276,0.581,0.097,0.774,0.355,0.677,0.355,0.677,0.839,0.71,0.774,0.483,0.613,0.581,0.806,0.8,0.516,0.6,0.71,0.355,0.581,0.613,0.581,0.516,0.581,0.536,0.355,0.548,0.567,0,0.6,0.581,0.581,0.613,0.581,0.655,0.577,0.679,0.586,0.793,0.621,0.633,0.593,0.667,0.759,0.467,0.7,0.727,0.448,0.577,0.556,0.833,0.304,0.24,0.778,0.519,0.684,0.536
"Byz",0.588,0.625,0.029,0.647,0.706,0.588,0.588,0.647,0.588,0.529,0.265,0.588,0.25,0,0.029,0.5,0.606,0.235,0.03,0.412,0.353,0,0,0.118,0.176,0.029,0.032,0.353,0.235,0,0.6,0,0,0.059,0.029,0,0.094,0.067,0.548,0.375,0.719,0.469,0.667,0.333,0.636,0.656,0.333,0.424,0.52,0.281,0.233,0.097,0.654,0.5,0.536,0.533,0.267,0.5,0.129
"07",0.571,0.606,0.029,0.629,0.714,0.571,0.571,0.629,0.571,0.514,0.257,0.571,0.273,0.029,0.029,0.486,0.588,0.229,0.059,0.429,0.343,0,0.029,0.114,0.171,0.029,0.031,0.343,0.229,0,0.581,0,0,0.057,0.029,0,0.121,0.067,0.562,0.394,0.727,0.485,0.676,0.355,0.647,0.667,0.353,0.441,0.538,0.303,0.233,0.097,0.667,0.48,0.517,0.548,0.258,0.522,0.125
"09",0.6,0.606,0.029,0.629,0.743,0.543,0.571,0.6,0.6,0.514,0.257,0.571,0.333,0.086,0.086,0.486,0.588,0.286,0.118,0.486,0.371,0.057,0.086,0.143,0.2,0.029,0.094,0.371,0.257,0.059,0.581,0.059,0.057,0,0.086,0.057,0.152,0.067,0.562,0.394,0.727,0.485,0.706,0.355,0.647,0.667,0.353,0.471,0.577,0.303,0.233,0.097,0.667,0.52,0.552,0.548,0.29,0.478,0.125
"011",0.6,0.636,0.057,0.657,0.743,0.6,0.543,0.657,0.543,0.486,0.229,0.543,0.303,0.057,0.057,0.457,0.559,0.257,0.088,0.457,0.371,0.029,0.057,0.143,0.2,0.057,0.062,0.371,0.257,0.029,0.613,0.029,0.029,0.086,0,0.029,0.152,0.1,0.594,0.424,0.758,0.515,0.706,0.387,0.676,0.636,0.382,0.471,0.577,0.333,0.267,0.129,0.704,0.44,0.552,0.516,0.29,0.478,0.156
"013",0.571,0.606,0.029,0.629,0.714,0.571,0.571,0.629,0.571,0.514,0.257,0.571,0.273,0.029,0.029,0.486,0.588,0.229,0.059,0.429,0.343,0,0.029,0.114,0.171,0.029,0.031,0.343,0.229,0,0.581,0,0,0.057,0.029,0,0.121,0.067,0.562,0.394,0.727,0.485,0.676,0.355,0.647,0.667,0.353,0.441,0.538,0.303,0.233,0.097,0.667,0.48,0.517,0.548,0.258,0.522,0.125
"042",0.606,0.71,0.121,0.697,0.727,0.667,0.606,0.727,0.606,0.606,0.273,0.606,0.258,0.091,0.152,0.576,0.562,0.303,0.125,0.394,0.394,0.121,0.091,0.152,0.212,0.121,0.133,0.424,0.242,0.125,0.655,0.094,0.121,0.152,0.152,0.121,0,0.143,0.5,0.323,0.677,0.419,0.656,0.276,0.625,0.645,0.344,0.469,0.52,0.29,0.286,0.138,0.68,0.625,0.607,0.586,0.241,0.571,0.167
"Lect",0.567,0.586,0.033,0.633,0.7,0.533,0.567,0.6,0.533,0.433,0.3,0.467,0.241,0.067,0.1,0.4,0.517,0.233,0.103,0.4,0.333,0.067,0.067,0.067,0.133,0.033,0.074,0.367,0.2,0.067,0.577,0.067,0.067,0.067,0.1,0.067,0.143,0,0.481,0.357,0.679,0.393,0.655,0.346,0.586,0.607,0.31,0.414,0.476,0.25,0.231,0.111,0.545,0.524,0.48,0.423,0.269,0.35,0.037
"it-a",0.594,0.767,0.531,0.75,0.375,0.719,0.594,0.75,0.438,0.562,0.531,0.531,0.5,0.531,0.594,0.562,0.387,0.562,0.548,0.469,0.625,0.562,0.531,0.594,0.625,0.531,0.581,0.688,0.625,0.548,0.679,0.548,0.562,0.562,0.594,0.562,0.5,0.481,0,0.438,0.25,0.438,0.188,0.517,0.219,0.312,0.438,0.406,0.28,0.452,0.607,0.552,0.577,0.783,0.741,0.621,0.586,0.714,0.567
"it-aur",0.606,0.548,0.364,0.667,0.545,0.697,0.606,0.727,0.576,0.576,0.424,0.667,0.452,0.364,0.424,0.545,0.5,0.485,0.406,0.394,0.455,0.394,0.364,0.424,0.455,0.364,0.387,0.485,0.394,0.406,0.586,0.375,0.394,0.394,0.424,0.394,0.323,0.357,0.438,0,0.424,0.273,0.515,0.233,0.485,0.515,0.121,0.424,0.423,0.156,0.345,0.367,0.63,0.375,0.5,0.533,0.267,0.545,0.29
"it-b",0.606,0.71,0.697,0.788,0.242,0.788,0.576,0.818,0.424,0.576,0.667,0.545,0.677,0.697,0.697,0.606,0.344,0.727,0.656,0.394,0.697,0.727,0.697,0.758,0.788,0.697,0.71,0.727,0.727,0.719,0.793,0.719,0.727,0.727,0.758,0.727,0.677,0.679,0.25,0.424,0,0.394,0.182,0.433,0.152,0.242,0.455,0.394,0.231,0.5,0.552,0.633,0.519,0.708,0.714,0.533,0.533,0.636,0.677
"it-c",0.515,0.677,0.455,0.667,0.455,0.697,0.606,0.758,0.485,0.545,0.515,0.576,0.516,0.455,0.515,0.485,0.406,0.576,0.469,0.424,0.515,0.485,0.455,0.515,0.545,0.455,0.484,0.545,0.485,0.469,0.621,0.469,0.485,0.485,0.515,0.485,0.419,0.393,0.438,0.273,0.394,0,0.455,0.333,0.303,0.333,0.303,0.424,0.385,0.312,0.448,0.5,0.481,0.542,0.571,0.5,0.4,0.364,0.419
"it-d",0.559,0.719,0.676,0.706,0.235,0.706,0.647,0.735,0.382,0.676,0.647,0.588,0.562,0.647,0.647,0.647,0.394,0.618,0.606,0.412,0.618,0.676,0.647,0.706,0.676,0.676,0.656,0.706,0.618,0.667,0.633,0.667,0.676,0.706,0.706,0.676,0.656,0.655,0.188,0.515,0.182,0.455,0,0.548,0.147,0.242,0.5,0.353,0.231,0.515,0.667,0.645,0.63,0.72,0.69,0.567,0.645,0.773,0.625
"it-f",0.613,0.586,0.323,0.645,0.613,0.677,0.548,0.71,0.613,0.613,0.516,0.71,0.414,0.323,0.355,0.613,0.581,0.484,0.3,0.516,0.452,0.355,0.323,0.355,0.387,0.323,0.31,0.548,0.387,0.367,0.593,0.333,0.355,0.355,0.387,0.355,0.276,0.346,0.517,0.233,0.433,0.333,0.548,0,0.548,0.6,0.258,0.419,0.458,0.3,0.214,0.25,0.64,0.542,0.519,0.586,0.276,0.55,0.333
"it-ff-2",0.5,0.719,0.618,0.706,0.265,0.706,0.618,0.765,0.382,0.588,0.618,0.471,0.625,0.618,0.618,0.559,0.394,0.676,0.576,0.412,0.588,0.647,0.618,0.676,0.706,0.618,0.625,0.618,0.647,0.636,0.667,0.636,0.647,0.647,0.676,0.647,0.625,0.586,0.219,0.485,0.152,0.303,0.147,0.548,0,0.091,0.412,0.353,0.192,0.424,0.633,0.613,0.519,0.68,0.724,0.533,0.645,0.591,0.594
"it-i",0.576,0.742,0.636,0.788,0.273,0.727,0.636,0.788,0.333,0.545,0.545,0.424,0.645,0.667,0.636,0.515,0.312,0.667,0.625,0.424,0.606,0.667,0.667,0.697,0.727,0.636,0.645,0.636,0.667,0.656,0.759,0.656,0.667,0.667,0.636,0.667,0.645,0.607,0.312,0.515,0.242,0.333,0.242,0.6,0.091,0,0.455,0.394,0.154,0.469,0.655,0.633,0.519,0.625,0.75,0.433,0.633,0.5,0.613
"it-l",0.529,0.438,0.324,0.588,0.588,0.618,0.559,0.647,0.559,0.588,0.441,0.588,0.438,0.324,0.382,0.559,0.545,0.471,0.364,0.382,0.353,0.353,0.324,0.412,0.441,0.324,0.344,0.382,0.382,0.364,0.467,0.333,0.353,0.353,0.382,0.353,0.344,0.31,0.438,0.121,0.455,0.303,0.5,0.258,0.412,0.455,0,0.382,0.423,0.03,0.333,0.29,0.63,0.32,0.414,0.533,0.29,0.545,0.281
"it-q",0.647,0.656,0.441,0.735,0.412,0.735,0.588,0.824,0.471,0.529,0.559,0.588,0.5,0.412,0.412,0.5,0.545,0.5,0.364,0.412,0.559,0.441,0.412,0.5,0.559,0.441,0.406,0.588,0.5,0.424,0.7,0.424,0.441,0.471,0.471,0.441,0.469,0.414,0.406,0.424,0.394,0.424,0.353,0.419,0.353,0.394,0.382,0,0.192,0.424,0.467,0.419,0.556,0.6,0.655,0.433,0.516,0.591,0.469
"it-r-1",0.577,0.68,0.538,0.769,0.231,0.731,0.577,0.808,0.346,0.577,0.538,0.538,0.458,0.538,0.5,0.538,0.36,0.538,0.48,0.385,0.577,0.538,0.538,0.577,0.577,0.538,0.52,0.615,0.577,0.52,0.727,0.52,0.538,0.577,0.577,0.538,0.52,0.476,0.28,0.423,0.231,0.385,0.231,0.458,0.192,0.154,0.423,0.192,0,0.48,0.542,0.5,0.478,0.722,0.75,0.478,0.565,0.667,0.542
"vg",0.485,0.419,0.273,0.545,0.606,0.576,0.576,0.606,0.515,0.545,0.394,0.545,0.387,0.273,0.333,0.515,0.5,0.424,0.312,0.333,0.303,0.303,0.273,0.364,0.394,0.273,0.29,0.333,0.333,0.312,0.448,0.281,0.303,0.303,0.333,0.303,0.29,0.25,0.452,0.156,0.5,0.312,0.515,0.3,0.424,0.469,0.03,0.424,0.48,0,0.3,0.258,0.593,0.32,0.357,0.552,0.258,0.571,0.226
"syr-p",0.533,0.552,0.2,0.567,0.633,0.633,0.533,0.633,0.567,0.5,0.433,0.633,0.393,0.233,0.2,0.5,0.586,0.4,0.172,0.467,0.367,0.233,0.233,0.333,0.333,0.2,0.25,0.367,0.367,0.241,0.577,0.233,0.233,0.233,0.267,0.233,0.286,0.231,0.607,0.345,0.552,0.448,0.667,0.214,0.633,0.655,0.333,0.467,0.542,0.3,0,0.133,0.5,0.478,0.423,0.5,0.25,0.5,0.214
"syr-h",0.581,0.6,0.065,0.645,0.677,0.645,0.548,0.645,0.581,0.581,0.29,0.645,0.276,0.097,0.065,0.548,0.633,0.29,0.067,0.419,0.387,0.097,0.097,0.194,0.226,0.065,0.103,0.387,0.29,0.1,0.556,0.097,0.097,0.097,0.129,0.097,0.138,0.111,0.552,0.367,0.633,0.5,0.645,0.25,0.613,0.633,0.29,0.419,0.5,0.258,0.133,0,0.615,0.542,0.481,0.519,0.241,0.579,0.172
"syr-s",0.667,0.731,0.63,0.815,0.63,0.667,0.556,0.704,0.519,0.407,0.593,0.519,0.692,0.667,0.667,0.37,0.462,0.667,0.654,0.556,0.63,0.667,0.667,0.667,0.667,0.63,0.654,0.667,0.667,0.654,0.833,0.654,0.667,0.667,0.704,0.667,0.68,0.545,0.577,0.63,0.519,0.481,0.63,0.64,0.519,0.519,0.63,0.556,0.478,0.593,0.5,0.615,0,0.727,0.652,0.583,0.615,0.588,0.6
"cop-sa",0.48,0.25,0.52,0.36,0.72,0.48,0.6,0.48,0.56,0.56,0.56,0.64,0.542,0.52,0.48,0.56,0.64,0.52,0.542,0.56,0.4,0.48,0.52,0.56,0.56,0.52,0.435,0.4,0.52,0.458,0.304,0.5,0.48,0.52,0.44,0.48,0.625,0.524,0.783,0.375,0.708,0.542,0.72,0.542,0.68,0.625,0.32,0.6,0.722,0.32,0.478,0.542,0.727,0,0.261,0.565,0.44,0.4,0.458
"cop-bo",0.414,0.214,0.517,0.241,0.724,0.241,0.69,0.31,0.586,0.621,0.655,0.655,0.37,0.552,0.517,0.621,0.643,0.379,0.571,0.552,0.241,0.517,0.552,0.517,0.483,0.517,0.481,0.241,0.448,0.5,0.24,0.536,0.517,0.552,0.552,0.517,0.607,0.48,0.741,0.5,0.714,0.571,0.69,0.519,0.724,0.75,0.414,0.655,0.75,0.357,0.423,0.481,0.652,0.261,0,0.692,0.296,0.55,0.407
"arm",0.645,0.724,0.516,0.742,0.516,0.677,0.548,0.774,0.387,0.452,0.419,0.484,0.621,0.548,0.516,0.452,0.387,0.548,0.516,0.387,0.613,0.548,0.548,0.581,0.548,0.516,0.5,0.71,0.484,0.533,0.778,0.533,0.548,0.548,0.516,0.548,0.586,0.423,0.621,0.533,0.533,0.5,0.567,0.586,0.533,0.433,0.533,0.433,0.478,0.552,0.5,0.519,0.583,0.565,0.692,0,0.536,0.318,0.448
"eth",0.516,0.483,0.258,0.548,0.645,0.484,0.645,0.516,0.452,0.548,0.387,0.645,0.333,0.29,0.258,0.548,0.433,0.29,0.3,0.29,0.258,0.258,0.29,0.258,0.323,0.258,0.207,0.323,0.258,0.267,0.519,0.267,0.258,0.29,0.29,0.258,0.241,0.269,0.586,0.267,0.533,0.4,0.645,0.276,0.645,0.633,0.29,0.516,0.565,0.258,0.25,0.241,0.615,0.44,0.296,0.536,0,0.5,0.241
"geo",0.652,0.667,0.478,0.652,0.696,0.652,0.565,0.739,0.609,0.348,0.522,0.478,0.667,0.522,0.522,0.348,0.591,0.565,0.522,0.609,0.565,0.522,0.522,0.478,0.565,0.478,0.524,0.565,0.522,0.5,0.684,0.5,0.522,0.478,0.478,0.522,0.571,0.35,0.714,0.545,0.636,0.364,0.773,0.55,0.591,0.5,0.545,0.591,0.667,0.571,0.5,0.579,0.588,0.4,0.55,0.318,0.5,0,0.429
"slav",0.562,0.6,0.094,0.594,0.688,0.562,0.531,0.625,0.5,0.438,0.312,0.469,0.3,0.156,0.156,0.406,0.469,0.25,0.194,0.406,0.25,0.125,0.156,0.125,0.125,0.094,0.133,0.344,0.094,0.129,0.536,0.129,0.125,0.125,0.156,0.125,0.167,0.037,0.567,0.29,0.677,0.419,0.625,0.333,0.594,0.613,0.281,0.469,0.542,0.226,0.214,0.172,0.6,0.458,0.407,0.448,0.241,0.429,0
